55 53.6819 55
55 113.682 55
55 173.682 55
147.429 26.143 55
147.429 86.143 55
147.429 146.143 55
147.429 206.143 55
239.857 142.869 55
55 389.682 55
55 449.682 55
55 509.682 55
147.429 362.143 55
147.429 422.143 55
147.429 482.143 55
147.429 542.143 55
239.857 478.869 55
55 725.682 55
55 785.682 55
55 845.682 55
147.429 698.143 55
147.429 758.143 55
147.429 818.143 55
147.429 878.143 55
239.857 814.869 55
391 53.6819 55
391 113.682 55
391 173.682 55
483.429 26.143 55
483.429 86.143 55
483.429 146.143 55
483.429 206.143 55
575.857 142.869 55
391 389.682 55
391 449.682 55
391 555 55
483.429 362.143 55
483.429 422.143 55
483.429 482.143 55
483.429 542.143 55
575.857 478.869 55
391 725.682 55
391 785.682 55
391 845.682 55
483.429 698.143 55
483.429 758.143 55
483.429 818.143 55
483.429 878.143 55
575.857 814.869 55
727 53.6819 55
727 113.682 55
727 173.682 55
819.429 26.143 55
819.429 86.143 55
819.429 146.143 55
819.429 206.143 55
911.857 142.869 55
720 419 55
