110 53 15.7143
110 113 15.7143
110 173 15.7143
202 26 15.7143
202 86 15.7143
202 146 15.7143
202 206 15.7143
294 142 15.7143
110 389 15.7143
110 449 15.7143
110 509 15.7143
202 362 15.7143
202 422 15.7143
202 482 15.7143
202 542 15.7143
294 478 15.7143
110 725 15.7143
110 785 15.7143
110 845 15.7143
202 698 15.7143
202 758 15.7143
202 818 15.7143
202 878 15.7143
294 814 15.7143
446 53 15.7143
446 113 15.7143
446 173 15.7143
538 26 15.7143
538 86 15.7143
538 146 15.7143
538 206 15.7143
630 142 15.7143
446 389 15.7143
448 477 15.7143
445 563 15.7143
538 362 15.7143
538 422 15.7143
538 482 15.7143
538 542 15.7143
630 478 15.7143
446 725 15.7143
446 785 15.7143
446 845 15.7143
538 698 15.7143
538 758 15.7143
538 818 15.7143
538 878 15.7143
630 814 15.7143
782 53 15.7143
782 113 15.7143
782 173 15.7143
874 26 15.7143
874 86 15.7143
874 146 15.7143
874 206 15.7143
966 142 15.7143
782 410 15.7143
